image: base_map.pgm
resolution: 0.025000
origin: [-6.977912, -3.423147, 0.000000]
negate: 0
occupied_thresh: 0.65
free_thresh: 0.196

